[10380.998195] [Project1] 13089 10407.85935164 10408.70451566
[10382.874460] [Project1] 13090 10408.997064884 10409.952996820
[10384.741448] [Project1] 13091 10410.879150808 10411.825066246
[10386.609184] [Project1] 13092 10412.749014937 10413.696964863
[10388.493713] [Project1] 13093 10414.633547780 10415.584945836
[10390.374294] [Project1] 13094 10416.517311382 10417.468462764
[10392.240716] [Project1] 13095 10418.393995259 10419.337324338
[10394.120551] [Project1] 13096 10420.270073105 10421.219286523
[10395.998936] [Project1] 13097 10422.145660378 10423.99537106
[10397.865225] [Project1] 13098 10424.22507276 10424.967473544
