[14387.471697] [Project1] 14066 14423.938703835 14424.917266017
[14389.409750] [Project1] 14067 14425.888567225 14426.859146149
[14391.350084] [Project1] 14068 14427.837640703 14428.802946531
[14393.286991] [Project1] 14069 14429.773300293 14430.743042152
[14395.229058] [Project1] 14070 14431.711011782 14432.688035934
[14397.161982] [Project1] 14071 14433.651527001 14434.623646995
[14399.088402] [Project1] 14072 14435.583917874 14436.552506357
[14401.021022] [Project1] 14073 14437.517847665 14438.487460514
[14402.954685] [Project1] 14074 14439.449622009 14440.423260981
[14404.891903] [Project1] 14075 14441.385144715 14442.362490919
